[gd_scene load_steps=13 format=3 uid="uid://cl6xp8qt7nr3e"]

[ext_resource type="PackedScene" uid="uid://bodrg5tuuwmcx" path="res://src/levels/level_template.tscn" id="1_yigpx"]
[ext_resource type="PackedScene" uid="uid://cvnm8s1notvk3" path="res://src/environment/floor_obstacle_stag.tscn" id="2_5m0k3"]
[ext_resource type="PackedScene" uid="uid://cqqakjex5toh0" path="res://src/environment/floor.tscn" id="2_xgvx8"]
[ext_resource type="PackedScene" uid="uid://cmdvh7ciqsskn" path="res://assets/props/Candles_1.glb" id="2_y8w83"]
[ext_resource type="PackedScene" uid="uid://78um3kdvgc2m" path="res://src/environment/floor_push_2.tscn" id="3_hrd4q"]
[ext_resource type="PackedScene" uid="uid://clx2ib5vf274s" path="res://assets/props/Candles_2.glb" id="3_q1xa3"]
[ext_resource type="PackedScene" uid="uid://b55l867boeih3" path="res://src/props/scroll.tscn" id="4_4tftf"]
[ext_resource type="PackedScene" uid="uid://vpil7rhwurlf" path="res://assets/ruins/Bricks.glb" id="4_e587h"]
[ext_resource type="PackedScene" uid="uid://nabr8vknkcsi" path="res://assets/ruins/Brick.glb" id="5_4to76"]
[ext_resource type="PackedScene" uid="uid://bo6y4co83k68f" path="res://assets/ruins/Wall_Broken.glb" id="6_ijiap"]
[ext_resource type="PackedScene" uid="uid://4h3vmtwmoks4" path="res://assets/ruins/Wall_Double_Broken.glb" id="7_pjnru"]
[ext_resource type="PackedScene" uid="uid://bnfyt82ynflxd" path="res://src/props/bone_2.tscn" id="12_avodc"]

[node name="Level8" instance=ExtResource("1_yigpx")]
initial_scroll_count = 1
target_key_count = 2

[node name="Player" parent="." index="3"]
transform = Transform3D(1, 0, 0, 0, 1, 0, 0, 0, 1, 5.98447, 0.46886, 3.89808)

[node name="Decoration" type="Node3D" parent="." index="10"]

[node name="Candles_1" parent="Decoration" index="0" instance=ExtResource("2_y8w83")]
transform = Transform3D(1, 0, 0, 0, 1, 0, 0, 0, 1, -0.15726, 0, 1.12183)

[node name="Candles_2" parent="Decoration" index="1" instance=ExtResource("3_q1xa3")]
transform = Transform3D(1, 0, 0, 0, 1, 0, 0, 0, 1, 0.312828, -9.53674e-07, -1.18168)

[node name="Bricks" parent="Decoration" index="2" instance=ExtResource("4_e587h")]
transform = Transform3D(-0.37059, 0.683013, 0.62941, -0.62941, -0.683013, 0.37059, 0.683013, -0.258819, 0.683013, -1, -22, 7)

[node name="Bricks2" parent="Decoration" index="3" instance=ExtResource("4_e587h")]
transform = Transform3D(-0.52222, 0.765938, -0.375, -0.117343, -0.500075, -0.857995, -0.844699, -0.404059, 0.351027, -23, -27, -6)

[node name="Bricks3" parent="Decoration" index="4" instance=ExtResource("4_e587h")]
transform = Transform3D(0.694414, 0.69747, -0.17699, 0.260755, -0.473153, -0.841507, -0.670669, 0.538203, -0.510433, -10, -28, -24)

[node name="Brick" parent="Decoration" index="5" instance=ExtResource("5_4to76")]
transform = Transform3D(0.258819, 0.965926, 0, -0.965926, 0.258819, 0, 0, 0, 1, -9, -15, 3)

[node name="Wall_Broken" parent="Decoration" index="6" instance=ExtResource("6_ijiap")]
transform = Transform3D(-0.0498138, -0.841032, -0.538687, 0.593498, -0.458726, 0.66131, -0.803293, -0.286767, 0.522002, 8, -22, -11)

[node name="Wall_Broken2" parent="Decoration" index="7" instance=ExtResource("6_ijiap")]
transform = Transform3D(0.398923, 0.47771, -0.782722, 0.0498139, 0.841032, 0.538687, 0.915631, -0.253884, 0.31171, -26, -26, 7)

[node name="Wall_Double_Broken" parent="Decoration" index="8" instance=ExtResource("7_pjnru")]
transform = Transform3D(-0.5, -2.24519e-08, 0.866025, 0.224144, 0.965926, 0.129409, -0.836516, 0.258819, -0.482963, -3, -20, -23)

[node name="Floor5" parent="Floors" index="0" instance=ExtResource("2_xgvx8")]
transform = Transform3D(1, 0, 0, 0, 1, 0, 0, 0, 1, 2, 0, 8)

[node name="Floor7" parent="Floors" index="1" instance=ExtResource("2_xgvx8")]
transform = Transform3D(1, 0, 0, 0, 1, 0, 0, 0, 1, 0, 0, 10)

[node name="Floor15" parent="Floors" index="2" instance=ExtResource("2_xgvx8")]
transform = Transform3D(1, 0, 0, 0, 1, 0, 0, 0, 1, 2, 0, 12)

[node name="Floor16" parent="Floors" index="3" instance=ExtResource("2_xgvx8")]
transform = Transform3D(1, 0, 0, 0, 1, 0, 0, 0, 1, -2, 0, 12)

[node name="Floor6" parent="Floors" index="4" instance=ExtResource("2_xgvx8")]
transform = Transform3D(1, 0, 0, 0, 1, 0, 0, 0, 1, -6, 0, -2)

[node name="Floor9" parent="Floors" index="5" instance=ExtResource("2_xgvx8")]
transform = Transform3D(1, 0, 0, 0, 1, 0, 0, 0, 1, -6, 0, 4)

[node name="Floor14" parent="Floors" index="6" instance=ExtResource("2_xgvx8")]
transform = Transform3D(1, 0, 0, 0, 1, 0, 0, 0, 1, -6, 0, 2)

[node name="Floor18" parent="Floors" index="7" instance=ExtResource("2_xgvx8")]
transform = Transform3D(1, 0, 0, 0, 1, 0, 0, 0, 1, -8, 0, 2)

[node name="Floor19" parent="Floors" index="8" instance=ExtResource("2_xgvx8")]
transform = Transform3D(1, 0, 0, 0, 1, 0, 0, 0, 1, -4, 0, 2)

[node name="Floor8" parent="Floors" index="9" instance=ExtResource("2_xgvx8")]
transform = Transform3D(1, 0, 0, 0, 1, 0, 0, 0, 1, 6, 0, 2)

[node name="Floor10" parent="Floors" index="10" instance=ExtResource("2_xgvx8")]
transform = Transform3D(1, 0, 0, 0, 1, 0, 0, 0, 1, 6, 0, -2)

[node name="Floor11" parent="Floors" index="11" instance=ExtResource("2_xgvx8")]
transform = Transform3D(1, 0, 0, 0, 1, 0, 0, 0, 1, 6, 0, -4)

[node name="Floor12" parent="Floors" index="12" instance=ExtResource("2_xgvx8")]
transform = Transform3D(1, 0, 0, 0, 1, 0, 0, 0, 1, -6, 0, -4)

[node name="Floor3" parent="Floors" index="13" instance=ExtResource("2_xgvx8")]
transform = Transform3D(1, 0, 0, 0, 1, 0, 0, 0, 1, 6, 0, 4)

[node name="Floor13" parent="Floors" index="14" instance=ExtResource("2_xgvx8")]
transform = Transform3D(1, 0, 0, 0, 1, 0, 0, 0, 1, 6, 0, 12)

[node name="FloorPush8" parent="Floors" index="15" instance=ExtResource("3_hrd4q")]
transform = Transform3D(-2.18557e-07, 0, 1, 0, 1, 0, -1, 0, -2.18557e-07, -2, 0, -4)

[node name="FloorPush9" parent="Floors" index="16" instance=ExtResource("3_hrd4q")]
transform = Transform3D(1.31134e-07, 0, -1, 0, 1, 0, 1, 0, 1.31134e-07, 2, 0, -4)

[node name="FloorPush3" parent="Floors" index="17" instance=ExtResource("3_hrd4q")]
transform = Transform3D(-1, 0, -8.74226e-08, 0, 1, 0, 8.74226e-08, 0, -1, 6, 0, 0)

[node name="FloorPush4" parent="Floors" index="18" instance=ExtResource("3_hrd4q")]
transform = Transform3D(1.19209e-07, 0, -1, 0, 1, 0, 1, 0, 1.19209e-07, -2, 0, 8)

[node name="FloorPush7" parent="Floors" index="19" instance=ExtResource("3_hrd4q")]
transform = Transform3D(1, 0, -1.63425e-13, 0, 1, 0, 1.63425e-13, 0, 1, -6, 0, 8)

[node name="FloorPush6" parent="Floors" index="20" instance=ExtResource("3_hrd4q")]
transform = Transform3D(-4.37112e-08, 0, 1, 0, 1, 0, -1, 0, -4.37112e-08, 6, 0, 8)

[node name="FloorObstacleStag" parent="Floors" index="21" instance=ExtResource("2_5m0k3")]
transform = Transform3D(-4.37114e-08, 0, 1, 0, 1, 0, -1, 0, -4.37114e-08, -6, 0, 0)

[node name="Bone5" parent="." index="12" instance=ExtResource("12_avodc")]
transform = Transform3D(1, 0, 0, 0, 1, 0, 0, 0, 1, 6, 1, 12)

[node name="Bone6" parent="." index="13" instance=ExtResource("12_avodc")]
transform = Transform3D(1, 0, 0, 0, 1, 0, 0, 0, 1, 6, 1, -4)

[node name="Scroll" parent="." index="14" instance=ExtResource("4_4tftf")]
transform = Transform3D(1, 0, 0, 0, 1, 0, 0, 0, 1, -6, 1, 2)

[node name="Scroll3" parent="." index="15" instance=ExtResource("4_4tftf")]
transform = Transform3D(1, 0, 0, 0, 1, 0, 0, 0, 1, -6, 1, 4)

[node name="Scroll6" parent="." index="16" instance=ExtResource("4_4tftf")]
transform = Transform3D(1, 0, 0, 0, 1, 0, 0, 0, 1, -6, 1, -2)

[node name="Scroll7" parent="." index="17" instance=ExtResource("4_4tftf")]
transform = Transform3D(1, 0, 0, 0, 1, 0, 0, 0, 1, -6, 1, -4)

[node name="Scroll2" parent="." index="18" instance=ExtResource("4_4tftf")]
transform = Transform3D(1, 0, 0, 0, 1, 0, 0, 0, 1, 2, 1, 8)

[node name="Scroll9" parent="." index="19" instance=ExtResource("4_4tftf")]
transform = Transform3D(1, 0, 0, 0, 1, 0, 0, 0, 1, 0, 1, 10)

[node name="Scroll8" parent="." index="20" instance=ExtResource("4_4tftf")]
transform = Transform3D(1, 0, 0, 0, 1, 0, 0, 0, 1, 6, 1, -2)

[node name="Scroll4" parent="." index="21" instance=ExtResource("4_4tftf")]
transform = Transform3D(1, 0, 0, 0, 1, 0, 0, 0, 1, 2, 1, 12)

[node name="Scroll5" parent="." index="22" instance=ExtResource("4_4tftf")]
transform = Transform3D(1, 0, 0, 0, 1, 0, 0, 0, 1, -2, 1, 12)
