[gd_scene load_steps=15 format=3 uid="uid://ddqb4st6indh2"]

[ext_resource type="PackedScene" uid="uid://bodrg5tuuwmcx" path="res://src/levels/level_template.tscn" id="1_yigpx"]
[ext_resource type="PackedScene" uid="uid://cmdvh7ciqsskn" path="res://assets/props/Candles_1.glb" id="2_gmlpt"]
[ext_resource type="PackedScene" uid="uid://cqqakjex5toh0" path="res://src/environment/floor.tscn" id="2_xgvx8"]
[ext_resource type="PackedScene" uid="uid://c2s24ya43djv5" path="res://assets/props/Candles_3.glb" id="3_0ey1g"]
[ext_resource type="PackedScene" uid="uid://78um3kdvgc2m" path="res://src/environment/floor_push_2.tscn" id="3_hrd4q"]
[ext_resource type="PackedScene" uid="uid://clx2ib5vf274s" path="res://assets/props/Candles_2.glb" id="3_t1yv3"]
[ext_resource type="PackedScene" uid="uid://b55l867boeih3" path="res://src/props/scroll.tscn" id="4_4tftf"]
[ext_resource type="PackedScene" uid="uid://vpil7rhwurlf" path="res://assets/ruins/Bricks.glb" id="4_5iyu7"]
[ext_resource type="PackedScene" uid="uid://cq5fi6tnt1oe6" path="res://assets/props/Candles_4.glb" id="5_eghyg"]
[ext_resource type="PackedScene" uid="uid://nabr8vknkcsi" path="res://assets/ruins/Brick.glb" id="5_rwmjb"]
[ext_resource type="PackedScene" uid="uid://bo6y4co83k68f" path="res://assets/ruins/Wall_Broken.glb" id="6_a2uq0"]
[ext_resource type="PackedScene" uid="uid://4h3vmtwmoks4" path="res://assets/ruins/Wall_Double_Broken.glb" id="7_0eknb"]
[ext_resource type="PackedScene" uid="uid://bnfyt82ynflxd" path="res://src/props/bone_2.tscn" id="11_7m0g0"]
[ext_resource type="PackedScene" uid="uid://dxscvyjt5jpdb" path="res://src/props/bone_3.tscn" id="12_1pi1x"]

[node name="Level5" instance=ExtResource("1_yigpx")]
initial_scroll_count = 3
target_key_count = 4

[node name="Player" parent="." index="3"]
transform = Transform3D(1, 0, 0, 0, 1, 0, 0, 0, 1, 0.984466, 0.46886, -1.10192)

[node name="Decoration" type="Node3D" parent="." index="10"]

[node name="Candles_1" parent="Decoration" index="0" instance=ExtResource("2_gmlpt")]
transform = Transform3D(1, 0, 0, 0, 1, 0, 0, 0, 1, -0.50852, 0, -1.15482)

[node name="Candles_3" parent="Decoration" index="1" instance=ExtResource("3_0ey1g")]
transform = Transform3D(1, 0, 0, 0, 1, 0, 0, 0, 1, 1.22414, 0, -0.317467)

[node name="Candles_2" parent="Decoration" index="2" instance=ExtResource("3_t1yv3")]
transform = Transform3D(1, 0, 0, 0, 1, 0, 0, 0, 1, -1.01888, -9.53674e-07, -0.452271)

[node name="Candles_4" parent="Decoration" index="3" instance=ExtResource("5_eghyg")]
transform = Transform3D(1, 0, 0, 0, 1, 0, 0, 0, 1, -1.15924, 0, 0.514766)

[node name="Bricks" parent="Decoration" index="4" instance=ExtResource("4_5iyu7")]
transform = Transform3D(1, 0, 0, 0, 1, 0, 0, 0, 1, -13, -22, 3)

[node name="Bricks2" parent="Decoration" index="5" instance=ExtResource("4_5iyu7")]
transform = Transform3D(-0.928023, 0.117362, -0.353553, 0.189492, 0.965838, -0.176777, 0.320728, -0.231048, -0.918559, 21, -28, -7)

[node name="Bricks3" parent="Decoration" index="6" instance=ExtResource("4_5iyu7")]
transform = Transform3D(0.694414, 0.69747, -0.17699, 0.260755, -0.473153, -0.841507, -0.670669, 0.538203, -0.510433, -10, -28, -24)

[node name="Brick" parent="Decoration" index="7" instance=ExtResource("5_rwmjb")]
transform = Transform3D(0.258819, 0.965926, 0, -0.965926, 0.258819, 0, 0, 0, 1, -9, -15, 3)

[node name="Wall_Broken" parent="Decoration" index="8" instance=ExtResource("6_a2uq0")]
transform = Transform3D(0.560382, -0.66077, 0.499354, 0.201725, 0.693648, 0.691491, -0.803293, -0.286767, 0.522002, 13, -18, -5)

[node name="Wall_Double_Broken" parent="Decoration" index="9" instance=ExtResource("7_0eknb")]
transform = Transform3D(-0.5, -2.24519e-08, 0.866025, 0.224144, 0.965926, 0.129409, -0.836516, 0.258819, -0.482963, -3, -20, -23)

[node name="Wall_Double_Broken2" parent="Decoration" index="10" instance=ExtResource("7_0eknb")]
transform = Transform3D(0.166266, 0.899519, -0.404006, -0.962019, 0.0580129, -0.266747, -0.216506, 0.433013, 0.875, -10, -16, -1)

[node name="Floor5" parent="Floors" index="0" instance=ExtResource("2_xgvx8")]
transform = Transform3D(1, 0, 0, 0, 1, 0, 0, 0, 1, -1, 0, -7)

[node name="Floor6" parent="Floors" index="1" instance=ExtResource("2_xgvx8")]
transform = Transform3D(1, 0, 0, 0, 1, 0, 0, 0, 1, 7, 0, -1)

[node name="Floor2" parent="Floors" index="2" instance=ExtResource("2_xgvx8")]
transform = Transform3D(1, 0, 0, 0, 1, 0, 0, 0, 1, 1, 0, 3)

[node name="Floor8" parent="Floors" index="3" instance=ExtResource("2_xgvx8")]
transform = Transform3D(1, 0, 0, 0, 1, 0, 0, 0, 1, -1, 0, -3)

[node name="Floor3" parent="Floors" index="4" instance=ExtResource("2_xgvx8")]
transform = Transform3D(1, 0, 0, 0, 1, 0, 0, 0, 1, 1, 0, 7)

[node name="Floor4" parent="Floors" index="5" instance=ExtResource("2_xgvx8")]
transform = Transform3D(1, 0, 0, 0, 1, 0, 0, 0, 1, -11, 0, 1)

[node name="Floor7" parent="Floors" index="6" instance=ExtResource("2_xgvx8")]
transform = Transform3D(1, 0, 0, 0, 1, 0, 0, 0, 1, -11, 0, -3)

[node name="FloorPush2" parent="Floors" index="7" instance=ExtResource("3_hrd4q")]
transform = Transform3D(-4.37114e-08, 0, 1, 0, 1, 0, -1, 0, -4.37114e-08, -3, 0, 1)

[node name="FloorPush5" parent="Floors" index="8" instance=ExtResource("3_hrd4q")]
transform = Transform3D(-4.37114e-08, 0, 1, 0, 1, 0, -1, 0, -4.37114e-08, -7, 0, 1)

[node name="FloorPush3" parent="Floors" index="9" instance=ExtResource("3_hrd4q")]
transform = Transform3D(1.31134e-07, 0, -1, 0, 1, 0, 1, 0, 1.31134e-07, 3, 0, -1)

[node name="FloorPush4" parent="Floors" index="10" instance=ExtResource("3_hrd4q")]
transform = Transform3D(1.31134e-07, 0, -1, 0, 1, 0, 1, 0, 1.31134e-07, -7, 0, -3)

[node name="Bone2" parent="." index="12" instance=ExtResource("11_7m0g0")]
transform = Transform3D(1, 0, 0, 0, 1, 0, 0, 0, 1, -1, 1, -7)

[node name="Bone5" parent="." index="13" instance=ExtResource("11_7m0g0")]
transform = Transform3D(1, 0, 0, 0, 1, 0, 0, 0, 1, 7, 1, -1)

[node name="Bone3" parent="." index="14" instance=ExtResource("12_1pi1x")]
transform = Transform3D(1, 0, 0, 0, 1, 0, 0, 0, 1, -11, 1, -3)

[node name="Bone4" parent="." index="15" instance=ExtResource("12_1pi1x")]
transform = Transform3D(1, 0, 0, 0, 1, 0, 0, 0, 1, -11, 1, 1)

[node name="Scroll" parent="." index="16" instance=ExtResource("4_4tftf")]
transform = Transform3D(1, 0, 0, 0, 1, 0, 0, 0, 1, 1, 1, 6.49566)

[node name="Scroll2" parent="." index="17" instance=ExtResource("4_4tftf")]
transform = Transform3D(1, 0, 0, 0, 1, 0, 0, 0, 1, 1, 1, 7.56738)
