[gd_scene load_steps=14 format=3 uid="uid://bycdmhydeftxc"]

[ext_resource type="PackedScene" uid="uid://bodrg5tuuwmcx" path="res://src/levels/level_template.tscn" id="1_yigpx"]
[ext_resource type="PackedScene" uid="uid://cq5fi6tnt1oe6" path="res://assets/props/Candles_4.glb" id="2_5b6qf"]
[ext_resource type="PackedScene" uid="uid://cqqakjex5toh0" path="res://src/environment/floor.tscn" id="2_xgvx8"]
[ext_resource type="PackedScene" uid="uid://cmdvh7ciqsskn" path="res://assets/props/Candles_1.glb" id="3_djfhb"]
[ext_resource type="PackedScene" uid="uid://b55l867boeih3" path="res://src/props/scroll.tscn" id="4_4tftf"]
[ext_resource type="PackedScene" uid="uid://dxscvyjt5jpdb" path="res://src/props/bone_3.tscn" id="4_w8swr"]
[ext_resource type="PackedScene" uid="uid://vpil7rhwurlf" path="res://assets/ruins/Bricks.glb" id="5_cwyh8"]
[ext_resource type="PackedScene" uid="uid://nabr8vknkcsi" path="res://assets/ruins/Brick.glb" id="6_33hko"]
[ext_resource type="PackedScene" uid="uid://xefiqbh0ctad" path="res://src/environment/floor_teleport.tscn" id="6_ctfhf"]
[ext_resource type="PackedScene" uid="uid://bxte6552y2wt4" path="res://assets/ruins/Column.glb" id="6_wqb5o"]
[ext_resource type="PackedScene" uid="uid://bo6y4co83k68f" path="res://assets/ruins/Wall_Broken.glb" id="7_l4f7e"]
[ext_resource type="PackedScene" uid="uid://y2k6i8ogenm4" path="res://src/environment/floor_teleport_target.tscn" id="7_rq4sx"]
[ext_resource type="PackedScene" uid="uid://4h3vmtwmoks4" path="res://assets/ruins/Wall_Double_Broken.glb" id="8_y2fqn"]

[node name="Level12" instance=ExtResource("1_yigpx")]
initial_scroll_count = 0
target_key_count = 2

[node name="Player" parent="." index="3"]
transform = Transform3D(1, 0, 0, 0, 1, 0, 0, 0, 1, 4.52223, 0.46886, -0.10192)

[node name="Camera3D" parent="CameraController" index="0"]
transform = Transform3D(1, 0, 0, 0, 1, 2.98023e-08, 0, -2.98023e-08, 1, 0, 0, 22)

[node name="Decoration" type="Node3D" parent="." index="10"]

[node name="Candles_1" parent="Decoration" index="0" instance=ExtResource("3_djfhb")]
transform = Transform3D(1, 0, 0, 0, 1, 0, 0, 0, 1, -0.603249, 0, 1.13029)

[node name="Candles_4" parent="Decoration" index="1" instance=ExtResource("2_5b6qf")]
transform = Transform3D(1, 0, 0, 0, 1, 0, 0, 0, 1, 1.18503, 0, -0.696773)

[node name="Bricks" parent="Decoration" index="2" instance=ExtResource("5_cwyh8")]
transform = Transform3D(-0.37059, 0.683013, 0.62941, -0.62941, -0.683013, 0.37059, 0.683013, -0.258819, 0.683013, 0, -22, -16)

[node name="Bricks2" parent="Decoration" index="3" instance=ExtResource("5_cwyh8")]
transform = Transform3D(-0.52222, 0.765938, -0.375, -0.117343, -0.500075, -0.857995, -0.844699, -0.404059, 0.351027, 27, -27, -17)

[node name="Bricks3" parent="Decoration" index="4" instance=ExtResource("5_cwyh8")]
transform = Transform3D(0.694414, 0.69747, -0.17699, 0.260755, -0.473153, -0.841507, -0.670669, 0.538203, -0.510433, -6, -28, 5)

[node name="Brick" parent="Decoration" index="5" instance=ExtResource("6_33hko")]
transform = Transform3D(0.258819, 0.965926, 0, -0.965926, 0.258819, 0, 0, 0, 1, -9, -15, 3)

[node name="Column" parent="Decoration" index="6" instance=ExtResource("6_wqb5o")]
transform = Transform3D(0.5, 0.836516, 0.224144, 0, -0.258819, 0.965926, 0.866026, -0.482963, -0.12941, -24, -25, -2)

[node name="Wall_Broken2" parent="Decoration" index="7" instance=ExtResource("7_l4f7e")]
transform = Transform3D(-0.317305, -0.932491, 0.172559, 0.246857, -0.256907, -0.934377, 0.915631, -0.253884, 0.31171, -10, -26, -15)

[node name="Wall_Double_Broken2" parent="Decoration" index="8" instance=ExtResource("8_y2fqn")]
transform = Transform3D(0.547667, -0.836516, 0.0173381, -0.75, -0.5, -0.433012, 0.370891, 0.224144, -0.901221, -9, -20, 7)

[node name="Wall_Double_Broken" parent="Decoration" index="9" instance=ExtResource("8_y2fqn")]
transform = Transform3D(-0.5, -2.24519e-08, 0.866025, 0.224144, 0.965926, 0.129409, -0.836516, 0.258819, -0.482963, 8, -20, 3)

[node name="Scroll" parent="." index="12" instance=ExtResource("4_4tftf")]
transform = Transform3D(1, 0, 0, 0, 1, 0, 0, 0, 1, 7, 1, -2)

[node name="Scroll3" parent="." index="13" instance=ExtResource("4_4tftf")]
transform = Transform3D(1, 0, 0, 0, 1, 0, 0, 0, 1, 7, 1, 2)

[node name="Scroll4" parent="." index="14" instance=ExtResource("4_4tftf")]
transform = Transform3D(1, 0, 0, 0, 1, 0, 0, 0, 1, -7, 1, 2)

[node name="Scroll2" parent="." index="15" instance=ExtResource("4_4tftf")]
transform = Transform3D(1, 0, 0, 0, 1, 0, 0, 0, 1, -7, 1, -2)

[node name="Bone4" parent="." index="16" instance=ExtResource("4_w8swr")]
transform = Transform3D(1, 0, 0, 0, 1, 0, 0, 0, 1, 13, 1, 0)

[node name="Bone5" parent="." index="17" instance=ExtResource("4_w8swr")]
transform = Transform3D(1, 0, 0, 0, 1, 0, 0, 0, 1, -5, 1, 0)

[node name="Floor5" parent="Floors" index="0" instance=ExtResource("2_xgvx8")]
transform = Transform3D(1, 0, 0, 0, 1, 0, 0, 0, 1, -7, 0, -2)

[node name="Floor6" parent="Floors" index="1" instance=ExtResource("2_xgvx8")]
transform = Transform3D(1, 0, 0, 0, 1, 0, 0, 0, 1, 5, 0, 0)

[node name="Floor2" parent="Floors" index="2" instance=ExtResource("2_xgvx8")]
transform = Transform3D(1, 0, 0, 0, 1, 0, 0, 0, 1, 9, 0, 2)

[node name="Floor8" parent="Floors" index="3" instance=ExtResource("2_xgvx8")]
transform = Transform3D(1, 0, 0, 0, 1, 0, 0, 0, 1, -9, 0, 4)

[node name="Floor16" parent="Floors" index="4" instance=ExtResource("2_xgvx8")]
transform = Transform3D(1, 0, 0, 0, 1, 0, 0, 0, 1, -7, 0, 0)

[node name="Floor3" parent="Floors" index="5" instance=ExtResource("2_xgvx8")]
transform = Transform3D(1, 0, 0, 0, 1, 0, 0, 0, 1, 9, 0, 4)

[node name="Floor9" parent="Floors" index="6" instance=ExtResource("2_xgvx8")]
transform = Transform3D(1, 0, 0, 0, 1, 0, 0, 0, 1, 7, 0, -2)

[node name="Floor10" parent="Floors" index="7" instance=ExtResource("2_xgvx8")]
transform = Transform3D(1, 0, 0, 0, 1, 0, 0, 0, 1, -5, 0, 0)

[node name="Floor11" parent="Floors" index="8" instance=ExtResource("2_xgvx8")]
transform = Transform3D(1, 0, 0, 0, 1, 0, 0, 0, 1, 9, 0, -4)

[node name="Floor13" parent="Floors" index="9" instance=ExtResource("2_xgvx8")]
transform = Transform3D(1, 0, 0, 0, 1, 0, 0, 0, 1, 7, 0, 2)

[node name="Floor14" parent="Floors" index="10" instance=ExtResource("2_xgvx8")]
transform = Transform3D(1, 0, 0, 0, 1, 0, 0, 0, 1, 7, 0, 0)

[node name="Floor15" parent="Floors" index="11" instance=ExtResource("2_xgvx8")]
transform = Transform3D(1, 0, 0, 0, 1, 0, 0, 0, 1, 13, 0, 0)

[node name="Floor12" parent="Floors" index="12" instance=ExtResource("2_xgvx8")]
transform = Transform3D(1, 0, 0, 0, 1, 0, 0, 0, 1, 9, 0, -2)

[node name="Floor4" parent="Floors" index="13" instance=ExtResource("2_xgvx8")]
transform = Transform3D(1, 0, 0, 0, 1, 0, 0, 0, 1, -7, 0, 2)

[node name="Floor7" parent="Floors" index="14" instance=ExtResource("2_xgvx8")]
transform = Transform3D(1, 0, 0, 0, 1, 0, 0, 0, 1, -9, 0, -4)

[node name="FloorTeleport" parent="Floors" index="15" node_paths=PackedStringArray("teleport_target") instance=ExtResource("6_ctfhf")]
transform = Transform3D(1, 0, 0, 0, 1, 0, 0, 0, 1, 9, 0, 0)
teleport_target = NodePath("../FloorTeleportTarget")

[node name="FloorTeleportTarget" parent="Floors" index="16" instance=ExtResource("7_rq4sx")]
transform = Transform3D(1, 0, 0, 0, 1, 0, 0, 0, 1, -11, 0, 0)
